Source	INDLABEL	h_posterior_mode	h_cred_int_lower	h_cred_int_upper	beta_mean	beta_var	beta_shape1	beta_shape2	dataset	BX0.rf_votes	BX1.rf_votes	F1_F2.rf_votes	source0.rf_votes	source1.rf_votes	BX0.abc_prob	BX1.abc_prob	F1_F2.abc_prob	source0.abc_prob	source1.abc_prob	rf	max_rf_votes	abc	max_abc_prob
1	S0	cayo_4792_1	0	0	0.0208	0.00473256813613977	3.33657211545608e-05	0.6634	139.5046	observed	0.0059	0	0	0.9941	0	0	0	0	1	0	source0	0.9941	source0	1
2	S0	cayo_4804_1	0	2e-04	0.0595	0.0152519168693257	0.00026447313579101	0.8509	54.9386	observed	0	0	0	1	0	0	0	0	1	0	source0	1	source0	1
3	S0	cayo_4878_1	0.0055	0.0013	0.0936	0.0283359280504162	0.000620293668311726	1.2294	42.1576	observed	1e-04	2e-04	0	0.9997	0	0	0	0	1	0	source0	0.9997	source0	1
4	S0	cayo_4914_1	0	0	0.0327	0.00665733388310301	8.40366812457431e-05	0.5172	77.1748	observed	0	0	0	1	0	0	0	0	1	0	source0	1	source0	1
5	S0	cayo_4940_1	0	2e-04	0.0568	0.0141548561144486	0.000242143289492038	0.8016	55.8275	observed	0	0	0	1	0	0	0	0	1	0	source0	1	source0	1
6	TEST	corn_1181_1	0.2143	0.1541	0.2903	0.218390191411103	0.00121388938881736	30.4914	109.1276	observed	0.9883	0	0.006	0.0056	1e-04	1	0	0	0	0	BX0	0.9883	BX0	1
7	S1	fuen_13947_1	1	0.9389	0.9999	0.986323204532112	0.000287505382029661	45.2919	0.628	observed	0.0039	1e-04	1e-04	3e-04	0.9956	0	0	0	0	1	source1	0.9956	source1	1
8	TEST	fuen_16205_1	0.2809	0.2134	0.3603	0.283994711887216	0.00141102357209078	40.6423	102.4671	observed	0.967	0	0.0202	0.0127	1e-04	1	0	0	0	0	BX0	0.967	BX0	1
9	TEST	fuen_19073_1	0.1522	0.095	0.2357	0.159022773541497	0.00130069786800751	16.1913	85.6262	observed	0.9318	1e-04	0.0112	0.0563	6e-04	1	0	0	0	0	BX0	0.9318	BX0	1
10	S0	fuen_19218_1	0	1e-04	0.0572	0.0135474284628451	0.000249193672242699	0.713	51.9156	observed	0	0	0	1	0	0	0	0	1	0	source0	1	source0	1
11	S1	fuen_20051_1	0.998	0.8704	0.9989	0.962933660028561	0.0012148907398644	27.3272	1.0519	observed	0.0078	0.0652	0.0137	4e-04	0.9129	0	0	0	0	1	source1	0.9129	source1	1
12	S0	fuen_20053_1	0	1e-04	0.0329	0.00772710531395168	8.28833195397306e-05	0.7071	90.8012	observed	0	0	0	1	0	0	0	0	1	0	source0	1	source0	1
13	S0	fuen_20055_1	0	0	0.0343	0.00620019849639466	9.44606038252937e-05	0.3982	63.8327	observed	0	0	0	1	0	0	0	0	1	0	source0	1	source0	1
14	TEST	fuen_20056_1	0.5294	0.453	0.6044	0.52904182086695	0.00149489390891862	87.6473	78.0245	observed	0	0.0066	0.9933	0	1e-04	0	0	1	0	0	F1_F2	0.9933	F1_F2	1
15	S1	fuen_20060_1	1	0.944	1	0.99088581204867	0.000254733306416322	34.1392	0.314	observed	0.0039	1e-04	1e-04	3e-04	0.9956	0	0	0	0	1	source1	0.9956	source1	1
16	S0	fuen_21729_1	0	0	0.0443	0.010018286962567	0.000150611134160948	0.6497	64.2015	observed	0	0	0	1	0	0	0	0	1	0	source0	1	source0	1
17	S0	fuen_21730_1	0.0013	6e-04	0.064	0.0181421425377102	0.000296391555710998	1.0722	58.0274	observed	0	0	0	1	0	0	0	0	1	0	source0	1	source0	1
18	S0	fuen_21731_1	0	1e-04	0.0494	0.0123099213647275	0.000183701356149553	0.8024	64.3832	observed	0	0	0	1	0	0	0	0	1	0	source0	1	source0	1
19	S0	fuen_21732_1	0	1e-04	0.0389	0.00970708842004126	0.000113891455454313	0.8096	82.5941	observed	0	0	0	1	0	0	0	0	1	0	source0	1	source0	1
20	S0	fuen_21734_1	0	1e-04	0.0247	0.00600419579446485	4.63631528231803e-05	0.7669	126.9592	observed	0.0059	0	0	0.9941	0	0	0	0	1	0	source0	0.9941	source0	1
21	S0	fuen_21735_1	0	0	0.0272	0.00638912157432896	5.64652204465135e-05	0.7119	110.7166	observed	0.0021	0	0	0.9979	0	0	0	0	1	0	source0	0.9979	source0	1
22	S0	fuen_21736_1	0	1e-04	0.0382	0.00896490976912992	0.000111129605171098	0.7078	78.2398	observed	0	0	0	1	0	0	0	0	1	0	source0	1	source0	1
23	S0	fuen_22034_1	0	0	0.0369	0.00786623303896555	0.000106199661848864	0.5702	71.9174	observed	0	0	0	1	0	0	0	0	1	0	source0	1	source0	1
24	S0	fuen_22060_1	0	0	0.0375	0.00777503411320316	0.000109948712632219	0.5378	68.6275	observed	0	0	0	1	0	0	0	0	1	0	source0	1	source0	1
25	S0	fuen_22082_1	0.012	0.0025	0.101	0.0333922940237411	0.00069332143528729	1.5212	44.0334	observed	2e-04	2e-04	0	0.9996	0	0	0	0	1	0	source0	0.9996	source0	1
26	S1	fuen_22119_1	1	0.9608	1	0.991600151014895	0.000119239885939665	68.2749	0.5784	observed	5e-04	1e-04	2e-04	1e-04	0.9991	0	0	0	0	1	source1	0.9991	source1	1
27	S1	fuen_22153_2	1	0.9401	1	0.990429582094556	0.000291553436633138	31.2099	0.3016	observed	0.004	1e-04	1e-04	3e-04	0.9955	0	0	0	0	1	source1	0.9955	source1	1
28	TEST	fuen_22163_1	0.577	0.4356	0.7065	0.57386876091102	0.00481969195638653	28.5433	21.1951	observed	0.069	0.2255	0.6583	0.0052	0.042	0	0	1	0	0	F1_F2	0.6583	F1_F2	1
29	S0	fuen_22200_1	0.0209	0.0044	0.1554	0.0529765020871428	0.00162452659434066	1.5831	28.2998	observed	0.0038	0	3e-04	0.9956	3e-04	0	0	0	1	0	source0	0.9956	source0	1
30	TEST	fuen_22201_1	0.4763	0.3964	0.5575	0.476609175718771	0.00169356769049235	69.7252	76.5691	observed	0.0604	0.0067	0.9301	0.001	0.0018	0	0	1	0	0	F1_F2	0.9301	F1_F2	1
31	TEST	fuen_22203_1	0.4782	0.3989	0.5586	0.478471130616427	0.00166414457293544	71.2677	77.6811	observed	0.007	0.0066	0.9845	3e-04	0.0016	0	0	1	0	0	F1_F2	0.9845	F1_F2	1
32	S0	fuen_22204_1	0.0459	0.0129	0.1698	0.0701521466782966	0.00169755435804788	2.6255	34.8008	observed	0.0039	0	3e-04	0.9955	3e-04	0	0	0	1	0	source0	0.9955	source0	1
33	S1	fuen_22205_1	1	0.9712	1	0.994587655468279	6.58514769876488e-05	80.3083	0.437	observed	0	1e-04	6e-04	0	0.9993	0	0	0	0	1	source1	0.9993	source1	1
34	S0	fuen_22206_1	0	2e-04	0.0839	0.0203111192750497	0.000532300445482432	0.739	35.6433	observed	0	0	0	1	0	0	0	0	1	0	source0	1	source0	1
35	TEST	fuen_22207_1	0.4142	0.3323	0.5012	0.415508766018312	0.00186430180437335	53.7125	75.5568	observed	0.0993	0.016	0.8787	0.0034	0.0026	0	0	1	0	0	F1_F2	0.8787	F1_F2	1
36	S0	fuen_22208_1	0.0175	0.0038	0.1189	0.0410858094552108	0.000940400212845734	1.6802	39.2145	observed	0.0027	2e-04	0	0.9971	0	0	0	0	1	0	source0	0.9971	source0	1
37	TEST	fuen_22210_1	0.5415	0.4565	0.6241	0.54088075146587	0.00183574323493561	72.6263	61.6479	observed	0.0021	0.1782	0.8152	4e-04	0.0041	0	0	1	0	0	F1_F2	0.8152	F1_F2	1
38	TEST	fuen_22211_1	0.4937	0.4083	0.5795	0.493798095648851	0.001912919135625	64.0309	65.6393	observed	0.0702	0.1662	0.7551	0.0039	0.0046	0	0	1	0	0	F1_F2	0.7551	F1_F2	1
39	S1	fuen_22214_1	1	0.9646	1	0.992964562069129	9.88250255735146e-05	69.1997	0.4903	observed	5e-04	1e-04	2e-04	1e-04	0.9991	0	0	0	0	1	source1	0.9991	source1	1
40	S1	fuen_22216_1	1	0.9738	0.9999	0.993653475641692	5.2251092235416e-05	118.9316	0.7596	observed	0	8e-04	1e-04	0	0.9991	0	0	0	0	1	source1	0.9991	source1	1
41	S1	fuen_22218_1	1	0.9769	0.9999	0.99400762363835	3.97907990129635e-05	147.8036	0.891	observed	0	0.0122	0	0	0.9878	0	0	0	0	1	source1	0.9878	source1	1
42	S1	fuen_22220_2	1	0.9784	1	0.994910654708432	3.55082215413075e-05	140.8785	0.7206	observed	0	0.0122	0	0	0.9878	0	0	0	0	1	source1	0.9878	source1	1
43	S1	fuen_22222_1	1	0.9712	1	0.993944124738349	6.48625066681308e-05	91.2435	0.5559	observed	0	1e-04	7e-04	0	0.9992	0	0	0	0	1	source1	0.9992	source1	1
44	S1	fuen_22224_1	1	0.9775	0.9999	0.994559514937767	3.83905506303988e-05	139.1818	0.7614	observed	0	0.0122	0	0	0.9878	0	0	0	0	1	source1	0.9878	source1	1
45	TEST	fuen_22225_1	0.4821	0.4008	0.5644	0.482361020505721	0.00174574651194701	68.5083	73.5187	observed	0.0614	0.0432	0.8908	0.0015	0.0031	0	0	1	0	0	F1_F2	0.8908	F1_F2	1
46	S1	fuen_22227_2	1	0.9704	1	0.993111823646868	6.72470253832116e-05	100.0316	0.6938	observed	0	1e-04	7e-04	0	0.9992	0	0	0	0	1	source1	0.9992	source1	1
47	S0	fuen_22229_1	0.0932	0.0335	0.2446	0.117626359336154	0.00302152752667499	3.9229	29.4274	observed	0.1333	0.0059	0.0013	0.8575	0.002	0.5	0	0	0.5	0	source0	0.8575	BX0	0.5
48	TEST	fuen_22242_1	0.6661	0.5936	0.7314	0.664254687605722	0.00123900445655344	118.9014	60.0983	observed	0	0.9044	0.0898	1e-04	0.0057	0	1	0	0	0	BX1	0.9044	BX1	1
49	S0	fuen_22252_1	0	1e-04	0.0252	0.00635034457821603	4.78231887251691e-05	0.8315	130.1132	observed	0.0059	0	0	0.9941	0	0	0	0	1	0	source0	0.9941	source0	1
50	S0	fuen_22258_1	0	0	0.0475	0.00932269261648279	0.000178219085648487	0.4738	50.3488	observed	0	0	0	1	0	0	0	0	1	0	source0	1	source0	1
51	S0	fuen_22269_1	0	1e-04	0.0293	0.00692160566169749	6.56131227094032e-05	0.7182	103.0428	observed	8e-04	0	0	0.9992	0	0	0	0	1	0	source0	0.9992	source0	1
52	S0	fuen_22271B_1	0	1e-04	0.0372	0.00941117072744669	0.00010376476945513	0.8361	88.0075	observed	0	0	0	1	0	0	0	0	1	0	source0	1	source0	1
53	S0	fuen_22274A_1	0	0	0.033	0.00745555680163735	8.37963582637747e-05	0.6509	86.658	observed	0	0	0	1	0	0	0	0	1	0	source0	1	source0	1
54	S0	fuen_22276A_1	0	4e-04	0.0948	0.0244436096499061	0.000669102316335756	0.8467	33.7923	observed	1e-04	1e-04	0	0.9998	0	0	0	0	1	0	source0	0.9998	source0	1
55	S0	fuen_22277A_1	0	1e-04	0.0247	0.00627970021056042	4.58167718125269e-05	0.849	134.3514	observed	0.0059	0	0	0.9941	0	0	0	0	1	0	source0	0.9941	source0	1
56	TEST	fuen_22278_1	0.2768	0.2119	0.3529	0.279710286083781	0.00129788672484272	43.14	111.0911	observed	0.9954	0	0.0035	0.001	1e-04	1	0	0	0	0	BX0	0.9954	BX0	1
57	TEST	fuen_22280_1	0.6636	0.5802	0.7377	0.661167041309893	0.00162050800219091	90.7411	46.5027	observed	0	0.8868	0.1004	1e-04	0.0127	0	1	0	0	0	BX1	0.8868	BX1	1
58	TEST	fuen_22282_1	0.414	0.3305	0.5028	0.415370070745849	0.00193759416455083	51.6428	72.6868	observed	0.0985	0.0405	0.8525	0.0048	0.0037	0	0	1	0	0	F1_F2	0.8525	F1_F2	1
59	TEST	fuen_22346B_1	0.2448	0.1391	0.3957	0.256687493685618	0.00435187656092973	10.9972	31.8457	observed	0.6776	0.0406	0.0098	0.2629	0.0091	1	0	0	0	0	BX0	0.6776	BX0	1
